%  columns="iteration, evaluation, sigma, axis ratio, bestever, best, median, worst fitness function value, further objective values of best" (startseed=207442, 2015/04/4 14:4:33.42)
1 10 1.236903e-01 3.952307e+01  3.642071135964236800e+01  3.642071135964236800e+01  3.706835710069346100e+01  3.812499687820172100e+01
2 19 1.320092e-01 4.196235e+01  3.550106358613879800e+01  3.550106358613879800e+01  3.630251667977243800e+01  3.820740953255633300e+01
3 28 1.594387e-01 4.176657e+01  3.417375966453464300e+01  3.417375966453464300e+01  3.502161668532602300e+01  3.639915518985510800e+01
4 37 1.873627e-01 4.415643e+01  3.330049679130705400e+01  3.330049679130705400e+01  3.419989398248313300e+01  3.538266087266031700e+01
5 46 2.048137e-01 4.657919e+01  3.330049679130705400e+01  3.343639176573218900e+01  3.394211776537282800e+01  3.446204285095323900e+01
6 55 2.105888e-01 4.651605e+01  3.327216017117095200e+01  3.327216017117095200e+01  3.419584403859215600e+01  3.589834658074721600e+01
7 64 1.906684e-01 4.617285e+01  3.327216017117095200e+01  3.350828732140554000e+01  3.410963549023013300e+01  3.524619635222791900e+01
8 73 1.742694e-01 4.513937e+01  3.327216017117095200e+01  3.349975212347077000e+01  3.446914965345143100e+01  3.665084408234334000e+01
9 82 1.530027e-01 4.439335e+01  3.327216017117095200e+01  3.335465917340812300e+01  3.431521447845180700e+01  3.578818739891424600e+01
10 91 1.471018e-01 4.412586e+01  3.327216017117095200e+01  3.352233738691018100e+01  3.370452892083481800e+01  3.488301205500030700e+01
11 100 1.329561e-01 4.412698e+01  3.327216017117095200e+01  3.333547230787735300e+01  3.355456908448255900e+01  3.424139630367306400e+01
12 109 1.313950e-01 4.421761e+01  3.327216017117095200e+01  3.334877640110911300e+01  3.347659449750513300e+01  3.400776435608526800e+01
13 118 1.268077e-01 4.391534e+01  3.324020314839666700e+01  3.324020314839666700e+01  3.336460475692672400e+01  3.393637670972802300e+01
14 127 1.233204e-01 4.220017e+01  3.309755339555303500e+01  3.309755339555303500e+01  3.343206758952468500e+01  3.376366594342879100e+01
15 136 1.049527e-01 4.190087e+01  3.309755339555303500e+01  3.312526887604615000e+01  3.334222251875592500e+01  3.428091723716116900e+01
16 145 1.098437e-01 4.159244e+01  3.307724405231910200e+01  3.307724405231910200e+01  3.339348053492370400e+01  3.393880925190953200e+01
17 154 1.090567e-01 4.126213e+01  3.307724405231910200e+01  3.310248838907474300e+01  3.339490423562028800e+01  3.367825381865036100e+01
18 163 1.068432e-01 4.123647e+01  3.307724405231910200e+01  3.316456925039813100e+01  3.346141006809362000e+01  3.394535273120458600e+01
19 172 9.511084e-02 4.103919e+01  3.307724405231910200e+01  3.313171654894282600e+01  3.334394311536157600e+01  3.388400412397615500e+01
20 181 9.167014e-02 4.020868e+01  3.303835116504875200e+01  3.303835116504875200e+01  3.313185466739179900e+01  3.335936809316380200e+01
21 190 9.272650e-02 3.977126e+01  3.303835116504875200e+01  3.304727504190493200e+01  3.331598319617965100e+01  3.361985463761692500e+01
22 199 8.199523e-02 3.940923e+01  3.303835116504875200e+01  3.310372193031545900e+01  3.324546129039470800e+01  3.332512989061801500e+01
23 208 7.989807e-02 3.960559e+01  3.303835116504875200e+01  3.311770906642839700e+01  3.321756492072673700e+01  3.335045950828957500e+01
24 217 6.884532e-02 4.006154e+01  3.303835116504875200e+01  3.307812500000000000e+01  3.321411784936819300e+01  3.354807182490441200e+01
25 226 6.855813e-02 3.965521e+01  3.303835116504875200e+01  3.305615168813077500e+01  3.324117525632743100e+01  3.340229925590534800e+01
26 235 6.399367e-02 3.952710e+01  3.303835116504875200e+01  3.315259003568527900e+01  3.329586460222012800e+01  3.342456940949218600e+01
27 244 6.256189e-02 3.725019e+01  3.303835116504875200e+01  3.307067603856112500e+01  3.320482661080924900e+01  3.337074628718500700e+01
28 253 6.400290e-02 3.765051e+01  3.303835116504875200e+01  3.312028641470938300e+01  3.327402737612548800e+01  3.341422182749306600e+01
29 262 6.968821e-02 3.631431e+01  3.303835116504875200e+01  3.311515248303425100e+01  3.324401884276868200e+01  3.337326161861398100e+01
30 271 8.015489e-02 3.419813e+01  3.303835116504875200e+01  3.308090211277084300e+01  3.329412671780666200e+01  3.348901510481354600e+01
31 280 7.686802e-02 3.351577e+01  3.303006595449073000e+01  3.303006595449073000e+01  3.322525788057135500e+01  3.347797692461185200e+01
32 289 6.986013e-02 3.343225e+01  3.297107520125417300e+01  3.297107520125417300e+01  3.325485914476681900e+01  3.340527876752614100e+01
33 298 6.468463e-02 3.204259e+01  3.297107520125417300e+01  3.302784386633472700e+01  3.324626035382999600e+01  3.337813029378936800e+01
34 307 5.584891e-02 3.256627e+01  3.297107520125417300e+01  3.302601647613933300e+01  3.323150322204044500e+01  3.333006172401076100e+01
35 316 5.360762e-02 3.022007e+01  3.297107520125417300e+01  3.297691832682345100e+01  3.318650714660699200e+01  3.328259001850432200e+01
36 325 5.051630e-02 2.853858e+01  3.297107520125417300e+01  3.303864397716118600e+01  3.313866242420815000e+01  3.327179470659866200e+01
37 334 5.231656e-02 2.734571e+01  3.293595826451323900e+01  3.293595826451323900e+01  3.309502093618618100e+01  3.325811420758145000e+01
38 343 5.830296e-02 2.738253e+01  3.293595826451323900e+01  3.312851981410039300e+01  3.323331862449001800e+01  3.331735405975343400e+01
39 352 7.078483e-02 2.713897e+01  3.293595826451323900e+01  3.308663868058656700e+01  3.324014540033408600e+01  3.341674384078883300e+01
40 361 7.249127e-02 2.717633e+01  3.293595826451323900e+01  3.308635233469276900e+01  3.321901788756046900e+01  3.342070707658686500e+01
41 370 7.290617e-02 2.536663e+01  3.293595826451323900e+01  3.302136112469235500e+01  3.325581384755282200e+01  3.355880627187973200e+01
42 379 7.673209e-02 2.626369e+01  3.293595826451323900e+01  3.311355865387519500e+01  3.318833117117723200e+01  3.337125556886027100e+01
43 388 7.943717e-02 2.603180e+01  3.293595826451323900e+01  3.306069331001199200e+01  3.319469130023019700e+01  3.362038819406069500e+01
44 397 7.996690e-02 2.573011e+01  3.293595826451323900e+01  3.307925944448435700e+01  3.323808366450263200e+01  3.328920445764439500e+01
45 406 9.047683e-02 2.544302e+01  3.293595826451323900e+01  3.304358190411128500e+01  3.317605445180692000e+01  3.341615675793227800e+01
46 415 1.017091e-01 2.534266e+01  3.293595826451323900e+01  3.301095362273000700e+01  3.309952062161716000e+01  3.329893703654325100e+01
47 424 1.064474e-01 2.432379e+01  3.293595826451323900e+01  3.308438778469220400e+01  3.320872181689494300e+01  3.338562957997305600e+01
48 433 1.067151e-01 2.457001e+01  3.293595826451323900e+01  3.308561623589599100e+01  3.319630748023438800e+01  3.328858588091677700e+01
49 442 1.026504e-01 2.596245e+01  3.293595826451323900e+01  3.304347211628208200e+01  3.322278011991898700e+01  3.350743619458929600e+01
50 451 1.039767e-01 2.567071e+01  3.293595826451323900e+01  3.310734816752237500e+01  3.319545637545309100e+01  3.339135556312102400e+01
51 460 1.028413e-01 2.583056e+01  3.293595826451323900e+01  3.315069458753077200e+01  3.322760926299068300e+01  3.345398378013773300e+01
52 469 9.751221e-02 2.571303e+01  3.293595826451323900e+01  3.309140303144977900e+01  3.323135151312194300e+01  3.357320417769689400e+01
53 478 8.427832e-02 2.567469e+01  3.293595826451323900e+01  3.295696175506777300e+01  3.322586927805240700e+01  3.358993937326486900e+01
54 487 7.815265e-02 2.575520e+01  3.293595826451323900e+01  3.311344718572025400e+01  3.318821554041186800e+01  3.341492803780197100e+01
55 496 7.707556e-02 2.664483e+01  3.293595826451323900e+01  3.307770660236688100e+01  3.316920372031039900e+01  3.325154603504479700e+01
56 505 6.726199e-02 2.740469e+01  3.291381433675434900e+01  3.291381433675434900e+01  3.317663060588545000e+01  3.324861653827094400e+01
57 514 6.774194e-02 2.826608e+01  3.291381433675434900e+01  3.301647242168483100e+01  3.310709721289769200e+01  3.334472856167167300e+01
58 523 7.096050e-02 2.746308e+01  3.291381433675434900e+01  3.304276297740042200e+01  3.314694502664777100e+01  3.333746028020986100e+01
59 532 7.058634e-02 2.878094e+01  3.291381433675434900e+01  3.300144062943562100e+01  3.317162393554895800e+01  3.347573593276531100e+01
60 541 6.423991e-02 2.906336e+01  3.291381433675434900e+01  3.304214495921624500e+01  3.311724145393989000e+01  3.341246256142976300e+01
61 550 5.661724e-02 2.981981e+01  3.291381433675434900e+01  3.300971920343535300e+01  3.314846783487593700e+01  3.323014833218039100e+01
62 559 5.841965e-02 2.997530e+01  3.291381433675434900e+01  3.294766617007474000e+01  3.315918172086671200e+01  3.330548408874643900e+01
63 568 5.267007e-02 3.063000e+01  3.291381433675434900e+01  3.297734503632048600e+01  3.309477265446585600e+01  3.328507822576231900e+01
64 577 4.283620e-02 3.045138e+01  3.291381433675434900e+01  3.296941377812239400e+01  3.326155860024569200e+01  3.335002979465966900e+01
65 586 4.451582e-02 2.998124e+01  3.291381433675434900e+01  3.299040434072388500e+01  3.312420639526940400e+01  3.347364909471060900e+01
66 595 3.966845e-02 2.930361e+01  3.291381433675434900e+01  3.302567591701024700e+01  3.310285664473675400e+01  3.320897108460373200e+01
67 604 3.820822e-02 2.933683e+01  3.291381433675434900e+01  3.297453939652661600e+01  3.307551027395967900e+01  3.325247793501048900e+01
68 613 3.581429e-02 3.083350e+01  3.291381433675434900e+01  3.299179067515319000e+01  3.310699600090744400e+01  3.335584070856257500e+01
69 622 3.306081e-02 3.090135e+01  3.291381433675434900e+01  3.298505414573501300e+01  3.311059409071421600e+01  3.328415947889922000e+01
70 631 3.318047e-02 3.028870e+01  3.291381433675434900e+01  3.295232369039670300e+01  3.306110619994531400e+01  3.334778034195606700e+01
71 640 3.015917e-02 2.934828e+01  3.291381433675434900e+01  3.300604262081876100e+01  3.306951905940442100e+01  3.318036618905001200e+01
72 649 2.552560e-02 2.868256e+01  3.291381433675434900e+01  3.296750261450957000e+01  3.309551316014012200e+01  3.320840298124035400e+01
73 658 2.531509e-02 2.833042e+01  3.291381433675434900e+01  3.300990461195297600e+01  3.303860296514778100e+01  3.324280175328492200e+01
74 667 2.492629e-02 2.944619e+01  3.291381433675434900e+01  3.294750074248092600e+01  3.303277112044201400e+01  3.317551577295758800e+01
75 676 2.319551e-02 2.923724e+01  3.291381433675434900e+01  3.296413840488428800e+01  3.299111277812355100e+01  3.302787902434365500e+01
76 685 2.266620e-02 2.917630e+01  3.291381433675434900e+01  3.294782099139569500e+01  3.299371634104233700e+01  3.310105377087242600e+01
77 694 2.322896e-02 2.815725e+01  3.291381433675434900e+01  3.292198285273921200e+01  3.302974973680214500e+01  3.321587333388974600e+01
78 703 2.437617e-02 2.865316e+01  3.291381433675434900e+01  3.292793923295089100e+01  3.296496187693611500e+01  3.309979426847294800e+01
79 712 2.583136e-02 2.982578e+01  3.289469082092278300e+01  3.289469082092278300e+01  3.294507962479944000e+01  3.308648109610997100e+01
80 721 2.550936e-02 3.030645e+01  3.289469082092278300e+01  3.292442925841217500e+01  3.296291917484468600e+01  3.303972565063662600e+01
81 730 2.376669e-02 3.040592e+01  3.289469082092278300e+01  3.293088701663149500e+01  3.302342414648121100e+01  3.308469508625091000e+01
82 739 2.267540e-02 3.017155e+01  3.289469082092278300e+01  3.291952133998771000e+01  3.298506658959356500e+01  3.316518379104139300e+01
83 748 2.394839e-02 3.105565e+01  3.289469082092278300e+01  3.297084773761677900e+01  3.300744887003845900e+01  3.314695773196637400e+01
84 757 2.448371e-02 3.292478e+01  3.289234509679717200e+01  3.289234509679717200e+01  3.296439530815371200e+01  3.309411046855736100e+01
85 766 2.494824e-02 3.349146e+01  3.289234509679717200e+01  3.290089817850188300e+01  3.294740570923225000e+01  3.304267713068798400e+01
86 775 3.319088e-02 3.463695e+01  3.284019636534552000e+01  3.284019636534552000e+01  3.296786478743472100e+01  3.304522209777399400e+01
87 784 4.315240e-02 3.623300e+01  3.279348142094789200e+01  3.279348142094789200e+01  3.296299749873428200e+01  3.324528733894510400e+01
88 793 4.597317e-02 3.477124e+01  3.279348142094789200e+01  3.288470849398508700e+01  3.297099948820139300e+01  3.309954284167871900e+01
89 802 4.632208e-02 3.403199e+01  3.279348142094789200e+01  3.290372285041605900e+01  3.302377646502166200e+01  3.316574527348810600e+01
90 811 4.263216e-02 3.405510e+01  3.279348142094789200e+01  3.284049034022075400e+01  3.292627058191671100e+01  3.300413847895868000e+01
91 820 4.061087e-02 3.316959e+01  3.279348142094789200e+01  3.282169323409336000e+01  3.301893793645052700e+01  3.311368104262017900e+01
92 829 4.425363e-02 3.342595e+01  3.276380692269112400e+01  3.276380692269112400e+01  3.289323531061088300e+01  3.312462660093199700e+01
93 838 4.922345e-02 3.727389e+01  3.276380692269112400e+01  3.277934266860964400e+01  3.292217950811357200e+01  3.300962730772823100e+01
94 847 4.418519e-02 3.824985e+01  3.276380692269112400e+01  3.279218674618513100e+01  3.293792008597148400e+01  3.318178063947518600e+01
95 856 3.830654e-02 3.697114e+01  3.276380692269112400e+01  3.283991772101220600e+01  3.290106138239146100e+01  3.322844898242082900e+01
96 865 3.777852e-02 3.548625e+01  3.276380692269112400e+01  3.282430928208835000e+01  3.290931026360727400e+01  3.316952886707424900e+01
97 874 3.849801e-02 3.569014e+01  3.276380692269112400e+01  3.277263282124481200e+01  3.288130875890195200e+01  3.297938462404452100e+01
98 883 3.591741e-02 3.513113e+01  3.276380692269112400e+01  3.283152387509506600e+01  3.288759719213712200e+01  3.293734513016544000e+01
99 892 3.677839e-02 3.510500e+01  3.276380692269112400e+01  3.283266147242396500e+01  3.287212560583363100e+01  3.293676312253883500e+01
100 901 3.636601e-02 3.602467e+01  3.276380692269112400e+01  3.278794607716354600e+01  3.293038918106208300e+01  3.307362494115283600e+01
101 910 3.508877e-02 3.599792e+01  3.276380692269112400e+01  3.278853449583810700e+01  3.290285072846379700e+01  3.299997479986905100e+01
102 919 3.347263e-02 3.449454e+01  3.276380692269112400e+01  3.276870887371060100e+01  3.282601818821121500e+01  3.292702891848028900e+01
103 928 3.477651e-02 3.871931e+01  3.276380692269112400e+01  3.278602051910985400e+01  3.283285190080857800e+01  3.288269115451891600e+01
104 937 3.760954e-02 3.377184e+01  3.275149761008074700e+01  3.275149761008074700e+01  3.280287651846621300e+01  3.294519041209297000e+01
105 946 3.873097e-02 3.330358e+01  3.275149761008074700e+01  3.275406249962731000e+01  3.282142442809662700e+01  3.287662860041891100e+01
106 955 3.982048e-02 3.262420e+01  3.275149761008074700e+01  3.277281198188821100e+01  3.280367180345917400e+01  3.296494461154436100e+01
107 964 3.668991e-02 3.302248e+01  3.274844165617965800e+01  3.274844165617965800e+01  3.280046086801672800e+01  3.288243347370057300e+01
108 973 3.686063e-02 3.194617e+01  3.274844165617965800e+01  3.276243893218507000e+01  3.280827925792834100e+01  3.282613569911212200e+01
109 982 3.511478e-02 3.178212e+01  3.274844165617965800e+01  3.276965874185474800e+01  3.280142298147102100e+01  3.288509092768736500e+01
110 991 3.414899e-02 3.218999e+01  3.274844165617965800e+01  3.275996221780054200e+01  3.280189700339729300e+01  3.299900182890539200e+01
111 1000 3.790873e-02 3.022190e+01  3.274844165617965800e+01  3.278347618900650000e+01  3.280779118928499800e+01  3.287655434070582300e+01
112 1009 4.205725e-02 3.321606e+01  3.274844165617965800e+01  3.275011745752136200e+01  3.283702798830144300e+01  3.301016726068083800e+01
113 1018 4.473746e-02 3.212863e+01  3.273922738684734700e+01  3.273922738684734700e+01  3.283130980580051500e+01  3.291018541356274300e+01
114 1027 4.310321e-02 3.207868e+01  3.272316554605456000e+01  3.272316554605456000e+01  3.285505908116073200e+01  3.290365820492611000e+01
115 1036 4.239824e-02 3.257319e+01  3.272316554605456000e+01  3.272755359452072800e+01  3.280249345187277800e+01  3.288020758050516400e+01
116 1045 3.950559e-02 3.128667e+01  3.272316554605456000e+01  3.276776917608740500e+01  3.278263372913698200e+01  3.291953830474032800e+01
117 1054 3.557380e-02 3.072631e+01  3.272316554605456000e+01  3.273060212818927500e+01  3.280598935594033300e+01  3.287523513535801800e+01
118 1063 3.072933e-02 3.088384e+01  3.271994214003840500e+01  3.271994214003840500e+01  3.279772993466449500e+01  3.287828157821105900e+01
119 1072 2.709472e-02 3.107264e+01  3.271028382400066900e+01  3.271028382400066900e+01  3.274014031307328300e+01  3.283748272335206100e+01
120 1081 2.361622e-02 3.095881e+01  3.271028382400066900e+01  3.272245890847143100e+01  3.275467197785612700e+01  3.284169622763718600e+01
121 1090 2.313612e-02 3.084520e+01  3.271028382400066900e+01  3.273441564734946500e+01  3.275241392135519200e+01  3.280697451616495600e+01
122 1099 2.158436e-02 3.220383e+01  3.271028382400066900e+01  3.271102850887447000e+01  3.272832865735892900e+01  3.280624214880121100e+01
123 1108 1.933917e-02 3.213054e+01  3.271028382400066900e+01  3.272144187193942600e+01  3.273944825692651500e+01  3.278356280754800900e+01
124 1117 1.750082e-02 3.255236e+01  3.269846763636793700e+01  3.269846763636793700e+01  3.273639047904762100e+01  3.278704918839787300e+01
125 1126 1.612956e-02 3.346543e+01  3.269846763636793700e+01  3.270322144298667400e+01  3.273113689421275300e+01  3.283083750990160600e+01
126 1135 1.448168e-02 3.309514e+01  3.269846763636793700e+01  3.269852321451469400e+01  3.274566719571878800e+01  3.277322063024193700e+01
127 1144 1.373250e-02 3.304262e+01  3.269633384941472100e+01  3.269633384941472100e+01  3.272884145502681000e+01  3.274412579452765500e+01
128 1153 1.125506e-02 3.363555e+01  3.269633384941472100e+01  3.269999896408219100e+01  3.272910691872397800e+01  3.278122654014890000e+01
129 1162 8.871096e-03 3.362709e+01  3.269633384941472100e+01  3.269936000186012800e+01  3.271614759528637300e+01  3.272989812203975600e+01
130 1171 7.927486e-03 3.548985e+01  3.269452003967943200e+01  3.269452003967943200e+01  3.271379308014326900e+01  3.273476315215874200e+01
131 1180 7.164633e-03 3.580796e+01  3.269452003967943200e+01  3.270204675084322300e+01  3.270794992663588400e+01  3.272487313615354100e+01
132 1189 6.346081e-03 3.590009e+01  3.269078989777740000e+01  3.269078989777740000e+01  3.270771284223519600e+01  3.271903443308495000e+01
133 1198 5.576539e-03 3.390310e+01  3.269078989777740000e+01  3.269241740654534600e+01  3.269680664148689400e+01  3.270390488760418900e+01
134 1207 4.879783e-03 3.341405e+01  3.269078989777740000e+01  3.269662034421285300e+01  3.270146349510491700e+01  3.270835126807496400e+01
135 1216 4.610972e-03 3.291731e+01  3.269078989777740000e+01  3.269180238027713900e+01  3.269765868598120300e+01  3.270046731690757700e+01
136 1225 4.292383e-03 3.307526e+01  3.269078989777740000e+01  3.269940241929661800e+01  3.271253853818600300e+01  3.271996433806399600e+01
137 1234 4.648461e-03 3.329700e+01  3.269078989777740000e+01  3.269431151394832100e+01  3.270053693698005000e+01  3.271302294373278100e+01
138 1243 4.642453e-03 3.212423e+01  3.269078989777740000e+01  3.269153292632883300e+01  3.269866278944405700e+01  3.270567777378384000e+01
139 1252 3.970720e-03 3.103652e+01  3.268967740044129000e+01  3.268967740044129000e+01  3.269971170560808800e+01  3.270201371551612400e+01
140 1261 3.724146e-03 3.225282e+01  3.268967740044129000e+01  3.269271686418726100e+01  3.269724610657755900e+01  3.270075741511900700e+01
141 1270 3.369913e-03 3.162853e+01  3.268967740044129000e+01  3.269350918152621700e+01  3.269944278347276900e+01  3.270905811713563300e+01
142 1279 3.191901e-03 3.145831e+01  3.268967740044129000e+01  3.269211850625097800e+01  3.269422111193675600e+01  3.269902075371605600e+01
143 1288 3.256029e-03 3.136335e+01  3.268925967904837600e+01  3.268925967904837600e+01  3.269419838304888500e+01  3.270235829846603100e+01
144 1297 2.873781e-03 3.088838e+01  3.268925967904837600e+01  3.269109333776042800e+01  3.269639157792182300e+01  3.270447041696144200e+01
145 1306 2.804411e-03 3.014535e+01  3.268925967904837600e+01  3.269293935533185200e+01  3.269684154877386800e+01  3.270243169393201300e+01
146 1315 3.245867e-03 3.027694e+01  3.268465752870228200e+01  3.268465752870228200e+01  3.269838340566319300e+01  3.270038929745452100e+01
147 1324 3.313443e-03 2.783071e+01  3.268465752870228200e+01  3.268486196109776600e+01  3.269442949823170600e+01  3.270317081861936300e+01
148 1333 3.059526e-03 2.768982e+01  3.268465752870228200e+01  3.268742834488142500e+01  3.269380400865950500e+01  3.270337830804012200e+01
149 1342 2.889225e-03 2.780612e+01  3.268465752870228200e+01  3.268645055191244400e+01  3.269335296920676400e+01  3.269971613862840300e+01
150 1351 2.463793e-03 2.818918e+01  3.268465752870228200e+01  3.268947640565356500e+01  3.269763754613829600e+01  3.270491145868626100e+01
151 1360 2.176025e-03 2.807944e+01  3.268465752870228200e+01  3.268549004934185100e+01  3.269514425546616800e+01  3.269790321650395300e+01
152 1369 1.973814e-03 2.813269e+01  3.268465752870228200e+01  3.268736532559194800e+01  3.269047081833203800e+01  3.269468240693629500e+01
153 1378 1.586420e-03 2.822022e+01  3.268465752870228200e+01  3.268830103284755500e+01  3.269028583857914300e+01  3.269972066497484100e+01
154 1387 1.532516e-03 2.890557e+01  3.268465752870228200e+01  3.268644681732769900e+01  3.269149147885890700e+01  3.269500643897966800e+01
155 1396 1.497421e-03 2.723166e+01  3.268465752870228200e+01  3.268729805820149200e+01  3.269005973523395200e+01  3.269347497076537900e+01
156 1405 1.367979e-03 2.719682e+01  3.268465752870228200e+01  3.268541614899538000e+01  3.269013889958888100e+01  3.269341084299446700e+01
157 1414 1.253592e-03 2.755784e+01  3.268465752870228200e+01  3.268719834722785600e+01  3.269171920591928400e+01  3.269440340918039600e+01
158 1423 1.199247e-03 2.708890e+01  3.268465752870228200e+01  3.268592919975455400e+01  3.268745350588232400e+01  3.269176247341467700e+01
159 1432 1.043946e-03 2.729232e+01  3.268381074760640100e+01  3.268381074760640100e+01  3.268747801333211100e+01  3.269498539076212000e+01
160 1441 1.060570e-03 2.605205e+01  3.268373506938791500e+01  3.268373506938791500e+01  3.268935597622909500e+01  3.269334755520202400e+01
161 1450 1.160438e-03 2.566815e+01  3.268373506938791500e+01  3.268567351568310600e+01  3.268717248581142300e+01  3.269003952402063400e+01
162 1459 1.110588e-03 2.456816e+01  3.268373506938791500e+01  3.268479520208660500e+01  3.268721599273129600e+01  3.269106019801311200e+01
163 1468 9.080119e-04 2.447717e+01  3.268373506938791500e+01  3.268419637232775400e+01  3.268812701059724900e+01  3.269363538298645700e+01
164 1477 7.994297e-04 2.419823e+01  3.268373506938791500e+01  3.268453488732524900e+01  3.268627623971481500e+01  3.268918737428947500e+01
165 1486 7.113085e-04 2.406371e+01  3.268293616562395000e+01  3.268293616562395000e+01  3.268590926608560900e+01  3.268947262473652400e+01
166 1495 6.149908e-04 2.395548e+01  3.268293616562395000e+01  3.268328384429385400e+01  3.268653345958381400e+01  3.268859016540714900e+01
167 1504 5.514802e-04 2.367064e+01  3.268293616562395000e+01  3.268386915183658200e+01  3.268528305325631300e+01  3.269167682518867200e+01
168 1513 5.568234e-04 2.404593e+01  3.268293616562395000e+01  3.268422186261512500e+01  3.268847944203618300e+01  3.269574204466940200e+01
169 1522 6.059063e-04 2.508799e+01  3.268293616562395000e+01  3.268303644984705200e+01  3.268448054589039500e+01  3.268730426678670400e+01
170 1531 5.936042e-04 2.355085e+01  3.268293616562395000e+01  3.268410262765669200e+01  3.268679329161054900e+01  3.269249833879074900e+01
171 1540 5.694503e-04 2.426936e+01  3.268293616562395000e+01  3.268385337196693300e+01  3.268532749636940300e+01  3.269203626618403300e+01
172 1549 5.093565e-04 2.402626e+01  3.268293616562395000e+01  3.268350966770886100e+01  3.268564872677961100e+01  3.269157675417060500e+01
173 1558 5.263926e-04 2.377764e+01  3.268290320435493600e+01  3.268290320435493600e+01  3.268372792640080600e+01  3.268779390104489100e+01
174 1567 5.311007e-04 2.472507e+01  3.268290320435493600e+01  3.268322091038685100e+01  3.268395187931255900e+01  3.268646352959110100e+01
175 1576 4.686622e-04 2.560311e+01  3.268290320435493600e+01  3.268303729021634000e+01  3.268472017973442700e+01  3.268740145666610900e+01
176 1585 4.139949e-04 2.543606e+01  3.268213859629658900e+01  3.268213859629658900e+01  3.268367087582031900e+01  3.268654811778761600e+01
177 1594 3.725589e-04 2.454596e+01  3.268213859629658900e+01  3.268236251341092900e+01  3.268516228159229100e+01  3.268817042288698400e+01
178 1603 3.357475e-04 2.538523e+01  3.268213859629658900e+01  3.268244314373927000e+01  3.268358142479151200e+01  3.268458045189514400e+01
179 1612 3.115092e-04 2.619511e+01  3.268211147028677000e+01  3.268211147028677000e+01  3.268273120761869400e+01  3.268515117076352500e+01
180 1621 2.714709e-04 2.618937e+01  3.268211147028677000e+01  3.268263241646734200e+01  3.268504118269178300e+01  3.268994999706403300e+01
181 1630 2.278658e-04 2.580029e+01  3.268211147028677000e+01  3.268245616969721800e+01  3.268312608911563900e+01  3.268522012319869700e+01
182 1639 2.397308e-04 2.672934e+01  3.268203798249817300e+01  3.268203798249817300e+01  3.268273951801384000e+01  3.269056025050943500e+01
183 1648 2.380441e-04 2.675699e+01  3.268191481771445700e+01  3.268191481771445700e+01  3.268273681013251100e+01  3.269278692082384200e+01
184 1657 2.332781e-04 2.580047e+01  3.268191481771445700e+01  3.268194852700011000e+01  3.268456476573890500e+01  3.268924082101175800e+01
185 1666 2.426204e-04 2.393597e+01  3.268191481771445700e+01  3.268219121415505400e+01  3.268279997840930000e+01  3.268654643722955200e+01
186 1675 2.256884e-04 2.468711e+01  3.268191481771445700e+01  3.268195053461574400e+01  3.268310190521218300e+01  3.268521545479197200e+01
187 1684 1.801937e-04 2.460224e+01  3.268191481771445700e+01  3.268223066582122300e+01  3.268255136641506900e+01  3.268477204648165500e+01
188 1693 1.610048e-04 2.444348e+01  3.268191481771445700e+01  3.268204802054765400e+01  3.268254567049369500e+01  3.268477666826702000e+01
189 1702 1.496654e-04 2.420256e+01  3.268191481771445700e+01  3.268219961806426700e+01  3.268231750600737900e+01  3.268674343539186100e+01
190 1711 1.398350e-04 2.503311e+01  3.268191481771445700e+01  3.268207178503390500e+01  3.268215232270261300e+01  3.268486382848072900e+01
191 1720 1.502400e-04 2.408719e+01  3.268191481771445700e+01  3.268194035647007200e+01  3.268210287960082600e+01  3.268421009786958100e+01
192 1729 1.565153e-04 2.522914e+01  3.268191481771445700e+01  3.268197219818129900e+01  3.268211417821991200e+01  3.268482671422425100e+01
193 1738 1.766270e-04 2.549423e+01  3.268186532756449500e+01  3.268186532756449500e+01  3.268212748443986700e+01  3.268480355864162600e+01
194 1747 1.671431e-04 2.633011e+01  3.268186532756449500e+01  3.268189095973642800e+01  3.268445673647036600e+01  3.268493679638663700e+01
195 1756 1.550058e-04 2.703184e+01  3.268177843948785700e+01  3.268177843948785700e+01  3.268474020749806600e+01  3.268659652715921700e+01
196 1765 1.374390e-04 2.725052e+01  3.268177843948785700e+01  3.268178689019217800e+01  3.268204041030576700e+01  3.268661804759936700e+01
197 1774 1.239876e-04 2.928171e+01  3.268177843948785700e+01  3.268188834516243400e+01  3.268448726854702400e+01  3.268491256713844000e+01
198 1783 1.142074e-04 2.778184e+01  3.268177843948785700e+01  3.268187741997598300e+01  3.268201655241941900e+01  3.268670679008899100e+01
199 1792 1.021467e-04 2.749905e+01  3.268177843948785700e+01  3.268189726272644400e+01  3.268211922057759000e+01  3.268481947810644100e+01
200 1801 1.004841e-04 2.752454e+01  3.268177843948785700e+01  3.268184296359478900e+01  3.268201781301267800e+01  3.268480449233479100e+01
201 1810 8.900111e-05 2.727275e+01  3.268177843948785700e+01  3.268185090070478800e+01  3.268198625147799400e+01  3.268718737713494000e+01
202 1819 8.353123e-05 2.871275e+01  3.268177843948785700e+01  3.268186686829671600e+01  3.268192686341885900e+01  3.268204708677573900e+01
203 1828 7.695057e-05 2.957801e+01  3.268177274343177900e+01  3.268177274343177900e+01  3.268189362099902700e+01  3.268395365337577400e+01
204 1837 7.003286e-05 2.980782e+01  3.268177274343177900e+01  3.268178170771630400e+01  3.268188885873948400e+01  3.268670454935576700e+01
205 1846 6.919274e-05 3.068285e+01  3.268177274343177900e+01  3.268180827373258500e+01  3.268382774133402100e+01  3.268660142877914900e+01
206 1855 7.675693e-05 3.301453e+01  3.268176914837948000e+01  3.268176914837948000e+01  3.268186756862951400e+01  3.268377442581828500e+01
207 1864 6.916499e-05 3.296244e+01  3.268176914837948000e+01  3.268181289593707800e+01  3.268188106170520500e+01  3.268469305586715000e+01
208 1873 7.277700e-05 3.030475e+01  3.268175892348831000e+01  3.268175892348831000e+01  3.268183091785946500e+01  3.268377830076675400e+01
209 1882 6.991957e-05 2.897720e+01  3.268175892348831000e+01  3.268179099882112100e+01  3.268193862898631600e+01  3.268787237068314500e+01
210 1891 7.521266e-05 2.878877e+01  3.268175892348831000e+01  3.268177531132603500e+01  3.268185230137105900e+01  3.268674782348906400e+01
211 1900 7.461231e-05 2.840186e+01  3.268175892348831000e+01  3.268178455574369000e+01  3.268383226988082400e+01  3.268673540610608800e+01
212 1909 6.844352e-05 2.908888e+01  3.268175892348831000e+01  3.268175967051243400e+01  3.268185640999177400e+01  3.268472382114691000e+01
213 1918 6.977810e-05 3.255115e+01  3.268175892348831000e+01  3.268176401258979500e+01  3.268465482097985100e+01  3.268674735667024600e+01
214 1927 7.693404e-05 3.681192e+01  3.268174683103298200e+01  3.268174683103298200e+01  3.268187793355320300e+01  3.268462433574463000e+01
215 1936 8.159021e-05 4.040026e+01  3.268174683103298200e+01  3.268178815079429700e+01  3.268182200027735000e+01  3.268459837892162800e+01
216 1945 1.027336e-04 4.155885e+01  3.268174683103298200e+01  3.268180645286396700e+01  3.268184230995035500e+01  3.268459230987730300e+01
217 1954 1.072464e-04 4.097018e+01  3.268174683103298200e+01  3.268177932657847200e+01  3.268188288256966700e+01  3.268375911276441300e+01
218 1963 1.002208e-04 4.022650e+01  3.268174683103298200e+01  3.268175075291087900e+01  3.268183745430554400e+01  3.268664316254196900e+01
219 1972 1.078887e-04 4.036975e+01  3.268174683103298200e+01  3.268179193260034800e+01  3.268380654585919100e+01  3.268670636995152300e+01
220 1981 1.142257e-04 3.711075e+01  3.268174683103298200e+01  3.268186369345449500e+01  3.268191920645998700e+01  3.268672093471395400e+01
221 1990 1.201434e-04 3.833057e+01  3.268174683103298200e+01  3.268180617273032600e+01  3.268192364189369700e+01  3.268676140791391300e+01
222 1999 1.256468e-04 4.079487e+01  3.268174683103298200e+01  3.268178796403843500e+01  3.268192653659748000e+01  3.268678390856396700e+01
223 2008 1.131063e-04 4.198865e+01  3.268174683103298200e+01  3.268181149526911600e+01  3.268383908604287300e+01  3.268675524590747000e+01
224 2017 1.112178e-04 4.218149e+01  3.268174683103298200e+01  3.268179193260034800e+01  3.268187685970990900e+01  3.268200768157661400e+01
225 2026 1.003891e-04 4.221785e+01  3.268174683103298200e+01  3.268182722943574000e+01  3.268195758461386900e+01  3.268467825677688400e+01
226 2035 9.154056e-05 4.191502e+01  3.268174683103298200e+01  3.268176275198675300e+01  3.268188587065471000e+01  3.268470136576347300e+01
227 2044 8.835353e-05 4.143712e+01  3.268174683103298200e+01  3.268182764963593500e+01  3.268381583638839800e+01  3.268668550311713300e+01
228 2053 8.812652e-05 4.411301e+01  3.268174683103298200e+01  3.268181677111811500e+01  3.268186149907807400e+01  3.268475309248636100e+01
229 2062 8.816371e-05 4.429314e+01  3.268174683103298200e+01  3.268179594785073800e+01  3.268187732659830400e+01  3.268469585695603300e+01
230 2071 8.550412e-05 4.474483e+01  3.268174683103298200e+01  3.268181028135683900e+01  3.268184539141687800e+01  3.268469221554043000e+01
231 2080 7.772627e-05 4.481727e+01  3.268174683103298200e+01  3.268178077393678600e+01  3.268181602409530500e+01  3.268185986496788300e+01
232 2089 6.786858e-05 4.559225e+01  3.268174683103298200e+01  3.268176079104858200e+01  3.268181807840800700e+01  3.268675599281740300e+01
233 2098 6.096863e-05 4.667510e+01  3.268174683103298200e+01  3.268177941995642800e+01  3.268180995453429500e+01  3.268674936399114000e+01
234 2107 5.259531e-05 4.699970e+01  3.268174683103298200e+01  3.268178278156273100e+01  3.268181457673855300e+01  3.268676738319179300e+01
235 2116 5.426680e-05 5.369552e+01  3.268174683103298200e+01  3.268177937326744600e+01  3.268180220417014000e+01  3.268672401572055700e+01
236 2125 4.707584e-05 5.451357e+01  3.268174388962425100e+01  3.268174388962425100e+01  3.268180883399983100e+01  3.268385850742831200e+01
237 2134 4.167563e-05 5.464324e+01  3.268174388962425100e+01  3.268175299398374300e+01  3.268179309982435400e+01  3.268470496049325600e+01
238 2143 3.683410e-05 5.580700e+01  3.268174388962425100e+01  3.268175733606199900e+01  3.268178049380292500e+01  3.268466924660192800e+01
239 2152 3.496664e-05 5.548359e+01  3.268174388962425100e+01  3.268175276053866400e+01  3.268384734947029800e+01  3.268470757484193000e+01
240 2161 3.668977e-05 5.554337e+01  3.268174216213011400e+01  3.268174216213011400e+01  3.268176387252279400e+01  3.268467372834729200e+01
241 2170 3.675896e-05 5.572988e+01  3.268174216213011400e+01  3.268174995919753200e+01  3.268175752281803900e+01  3.268467354160791400e+01
242 2179 3.441672e-05 5.558623e+01  3.268174216213011400e+01  3.268174855852687000e+01  3.268381943121557500e+01  3.268466023642448400e+01
243 2188 3.197012e-05 5.705811e+01  3.268174216213011400e+01  3.268174356280104600e+01  3.268176489968079300e+01  3.268381317528231700e+01
244 2197 2.758129e-05 5.736153e+01  3.268174216213011400e+01  3.268174739130127900e+01  3.268176167813967200e+01  3.268468110455187100e+01
245 2206 2.676941e-05 5.711849e+01  3.268174216213011400e+01  3.268174244226430900e+01  3.268176480630280200e+01  3.268468446585973200e+01
246 2215 2.474779e-05 5.833417e+01  3.268174057470298500e+01  3.268174057470298500e+01  3.268175472147731100e+01  3.268176513312579300e+01
247 2224 2.504447e-05 6.000550e+01  3.268173445843892500e+01  3.268173445843892500e+01  3.268174897872808100e+01  3.268175556187955500e+01
248 2233 2.766147e-05 6.340957e+01  3.268173375810327000e+01  3.268173375810327000e+01  3.268176452616879900e+01  3.268675491913436600e+01
249 2242 3.216283e-05 6.833088e+01  3.268172171232769300e+01  3.268172171232769300e+01  3.268173889389770900e+01  3.268465393396728300e+01
250 2251 4.019164e-05 6.951004e+01  3.268170817249712500e+01  3.268170817249712500e+01  3.268175854997624400e+01  3.268674007429572700e+01
251 2260 4.134314e-05 6.694329e+01  3.268170817249712500e+01  3.268171410200982800e+01  3.268176452616879900e+01  3.268464385003324000e+01
252 2269 4.466060e-05 6.746720e+01  3.268170817249712500e+01  3.268171461558961300e+01  3.268175332080686200e+01  3.268671757361550300e+01
253 2278 4.211628e-05 6.765915e+01  3.268170817249712500e+01  3.268171933118548400e+01  3.268380645248703300e+01  3.268672312876413600e+01
254 2287 3.722176e-05 6.739297e+01  3.268169948832699100e+01  3.268169948832699100e+01  3.268174645752077400e+01  3.268464422351233600e+01
255 2296 3.245914e-05 6.783130e+01  3.268169948832699100e+01  3.268171260795948300e+01  3.268173553228689300e+01  3.268463866801036500e+01
256 2305 3.485126e-05 6.594704e+01  3.268169948832699100e+01  3.268170971323674900e+01  3.268463540006759200e+01  3.268467307475946600e+01
257 2314 3.342093e-05 6.648857e+01  3.268169948832699100e+01  3.268170882614425200e+01  3.268172073185738900e+01  3.268669563310327700e+01
258 2323 3.326343e-05 6.830299e+01  3.268168221335802300e+01  3.268168221335802300e+01  3.268172175901675300e+01  3.268380715277827200e+01
259 2332 3.124799e-05 6.962825e+01  3.268168221335802300e+01  3.268171877091670300e+01  3.268462414900496800e+01  3.268672476263120100e+01
260 2341 3.191272e-05 7.346137e+01  3.268168221335802300e+01  3.268169257834049500e+01  3.268171517585846400e+01  3.268173347796900400e+01
261 2350 2.908379e-05 7.438286e+01  3.268168221335802300e+01  3.268170294331968500e+01  3.268173273094428300e+01  3.268669927429569100e+01
262 2359 3.214877e-05 7.344188e+01  3.268168221335802300e+01  3.268169276509690500e+01  3.268170714533734200e+01  3.268173455181700900e+01
263 2368 3.582807e-05 8.106314e+01  3.268168113950829200e+01  3.268168113950829200e+01  3.268171877091670300e+01  3.268462849070179000e+01
264 2377 3.662176e-05 8.428354e+01  3.268168113950829200e+01  3.268168576173076900e+01  3.268169948832699100e+01  3.268462624982608100e+01
265 2386 3.804491e-05 8.573571e+01  3.268167885174137400e+01  3.268167885174137400e+01  3.268458750132600000e+01  3.268461383163708700e+01
266 2395 3.808232e-05 9.130442e+01  3.268167796464803800e+01  3.268167796464803800e+01  3.268170177609246700e+01  3.268461854681466900e+01
267 2404 4.051112e-05 9.507842e+01  3.268166773972834000e+01  3.268166773972834000e+01  3.268458997562918700e+01  3.268460738911612400e+01
268 2413 4.608963e-05 9.138522e+01  3.268164841041934900e+01  3.268164841041934900e+01  3.268168211997978300e+01  3.268461485870553000e+01
269 2422 5.189998e-05 9.359284e+01  3.268164841041934900e+01  3.268165125845834500e+01  3.268167296891141400e+01  3.268666865092124100e+01
270 2431 4.929222e-05 9.435153e+01  3.268164084677359000e+01  3.268164084677359000e+01  3.268168296038388800e+01  3.268664633691995600e+01
271 2440 4.654020e-05 9.546345e+01  3.268164084677359000e+01  3.268165018460761200e+01  3.268167418282879300e+01  3.268373562962213400e+01
272 2449 4.613174e-05 1.015407e+02  3.268162833407182400e+01  3.268162833407182400e+01  3.268165522703687000e+01  3.268170863938792800e+01
273 2458 5.135153e-05 1.167901e+02  3.268160517622308000e+01  3.268160517622308000e+01  3.268370164206226700e+01  3.268459445738542300e+01
274 2467 5.284340e-05 1.178166e+02  3.268160517622308000e+01  3.268161577467605400e+01  3.268370136194487000e+01  3.268455972375851800e+01
275 2476 5.862650e-05 1.231796e+02  3.268160517622308000e+01  3.268161610150053800e+01  3.268164094015194400e+01  3.268373002727953000e+01
276 2485 7.846039e-05 1.265396e+02  3.268159355060331000e+01  3.268159355060331000e+01  3.268164822366268400e+01  3.268454707211911600e+01
277 2494 9.558940e-05 1.253820e+02  3.268159191647971800e+01  3.268159191647971800e+01  3.268164883062183900e+01  3.268695723774108300e+01
278 2503 1.052619e-04 1.344284e+02  3.268153845724857100e+01  3.268153845724857100e+01  3.268160681034601100e+01  3.268480295174105500e+01
279 2512 1.215059e-04 1.525291e+02  3.268150904296182100e+01  3.268150904296182100e+01  3.268158075774785900e+01  3.268368441483779900e+01
280 2521 1.325905e-04 1.668196e+02  3.268148116939899900e+01  3.268148116939899900e+01  3.268162450555764300e+01  3.268480850721509500e+01
281 2530 1.441612e-04 1.605791e+02  3.268147757431462000e+01  3.268147757431462000e+01  3.268152571106089300e+01  3.268477438071676700e+01
282 2539 1.694961e-04 1.722674e+02  3.268142364800156900e+01  3.268142364800156900e+01  3.268156525690900300e+01  3.268646068197140400e+01
283 2548 2.019059e-04 1.704391e+02  3.268139334651042600e+01  3.268139334651042600e+01  3.268154373314164500e+01  3.268673465919567900e+01
284 2557 2.404912e-04 1.914106e+02  3.268129366421112500e+01  3.268129366421112500e+01  3.268160765075205600e+01  3.268635541323313700e+01
285 2566 3.150519e-04 2.028278e+02  3.268117483877795600e+01  3.268117483877795600e+01  3.268333996181495100e+01  3.268460281399176600e+01
286 2575 3.394329e-04 2.113241e+02  3.268117483877795600e+01  3.268123744979678900e+01  3.268140646626582000e+01  3.268752908213034700e+01
287 2584 3.462288e-04 2.136260e+02  3.268117483877795600e+01  3.268120588750847600e+01  3.268334201603186500e+01  3.268738969306495800e+01
288 2593 3.306645e-04 2.238069e+02  3.268117483877795600e+01  3.268122549721781700e+01  3.268125775983305900e+01  3.268940265435325200e+01
289 2602 3.038113e-04 2.220896e+02  3.268117483877795600e+01  3.268118324294852800e+01  3.268139414023243500e+01  3.268615276412217000e+01
290 2611 2.610983e-04 2.263951e+02  3.268117483877795600e+01  3.268120135859774000e+01  3.268133848626622800e+01  3.268453488732524900e+01
291 2620 2.469077e-04 2.205003e+02  3.268117002972382300e+01  3.268117002972382300e+01  3.268129529834963200e+01  3.268615467811412100e+01
292 2629 2.190119e-04 2.176834e+02  3.268112819559200200e+01  3.268112819559200200e+01  3.268125155009916900e+01  3.268446378592791000e+01
293 2638 2.029829e-04 2.196580e+02  3.268112819559200200e+01  3.268119832376029900e+01  3.268121583243397100e+01  3.268449441136818500e+01
294 2647 1.751205e-04 2.198111e+02  3.268112819559200200e+01  3.268118389660615000e+01  3.268125351106789400e+01  3.268407517647702300e+01
295 2656 1.696533e-04 2.261123e+02  3.268112376005033300e+01  3.268112376005033300e+01  3.268118875234806400e+01  3.268406574596440400e+01
296 2665 1.698437e-04 2.372257e+02  3.268111722346151300e+01  3.268111722346151300e+01  3.268116872240801700e+01  3.268618343466263800e+01
297 2674 1.473209e-04 2.421995e+02  3.268111722346151300e+01  3.268114925273425100e+01  3.268327254607911700e+01  3.268732396619963500e+01
298 2683 1.402632e-04 2.434317e+02  3.268111722346151300e+01  3.268115616283562000e+01  3.268326460931436400e+01  3.268409912623199900e+01
299 2692 1.185331e-04 2.433563e+02  3.268111722346151300e+01  3.268113482555843100e+01  3.268120868889624800e+01  3.268409515795022500e+01
300 2701 1.067245e-04 2.531962e+02  3.268111722346151300e+01  3.268114341649884100e+01  3.268121167704293100e+01  3.268615071008190400e+01
301 2710 1.025622e-04 2.502832e+02  3.268111722346151300e+01  3.268112488060828700e+01  3.268116120534109800e+01  3.268325251741612900e+01
302 2719 9.523447e-05 2.463359e+02  3.268111722346151300e+01  3.268113067015709600e+01  3.268116157885999200e+01  3.268405967682117100e+01
303 2728 1.059687e-04 2.736020e+02  3.268111722346151300e+01  3.268113589942611000e+01  3.268115485551925300e+01  3.268441042476447900e+01
304 2737 1.032480e-04 2.724249e+02  3.268111722346151300e+01  3.268111955795767200e+01  3.268114528409428500e+01  3.268440556950119500e+01
305 2746 1.164506e-04 2.481815e+02  3.268111241439890300e+01  3.268111241439890300e+01  3.268112726179381200e+01  3.268612475447103100e+01
306 2755 1.256595e-04 2.452207e+02  3.268111162067005900e+01  3.268111162067005900e+01  3.268114220256174500e+01  3.268441210543237200e+01
307 2764 1.267442e-04 2.440779e+02  3.268110471055926800e+01  3.268110471055926800e+01  3.268400258013395600e+01  3.268646950492342300e+01
308 2773 1.251588e-04 2.509871e+02  3.268110471055926800e+01  3.268110517745869000e+01  3.268321586819914900e+01  3.268611793878562100e+01
309 2782 1.253043e-04 2.469555e+02  3.268108962970429600e+01  3.268108962970429600e+01  3.268112623461576000e+01  3.268438157328550600e+01
310 2791 1.093806e-04 2.486233e+02  3.268108962970429600e+01  3.268109999487471400e+01  3.268320018138798800e+01  3.268647482670285600e+01
311 2800 9.802216e-05 2.551088e+02  3.268108962970429600e+01  3.268111171404991900e+01  3.268114579768300800e+01  3.268440220816464900e+01
312 2809 9.981192e-05 2.601514e+02  3.268108962970429600e+01  3.268110769871546500e+01  3.268113818723103500e+01  3.268403680080965000e+01
313 2818 9.994077e-05 2.721186e+02  3.268108962970429600e+01  3.268109205758234700e+01  3.268113305134219400e+01  3.268646572365856400e+01
314 2827 8.422834e-05 2.772593e+02  3.268108962970429600e+01  3.268109775375706500e+01  3.268610626808812500e+01  3.268650087540022000e+01
315 2836 8.011656e-05 2.733402e+02  3.268108962970429600e+01  3.268111703670181400e+01  3.268320839829001300e+01  3.268646324949737200e+01
316 2845 7.523062e-05 2.672253e+02  3.268108962970429600e+01  3.268110690498650000e+01  3.268113090360662200e+01  3.268937600115252500e+01
317 2854 7.999661e-05 2.478880e+02  3.268108962970429600e+01  3.268110872589409200e+01  3.268320372959593100e+01  3.268648794441863700e+01
318 2863 8.691951e-05 2.735884e+02  3.268108962970429600e+01  3.268110853913434300e+01  3.268320228230063400e+01  3.268647688072275800e+01
319 2872 9.424683e-05 2.939879e+02  3.268108962970429600e+01  3.268319079730984800e+01  3.268321792242386400e+01  3.268647594707736200e+01
320 2881 8.590328e-05 2.917435e+02  3.268108962970429600e+01  3.268319509251012500e+01  3.268321390734816800e+01  3.268648500343655900e+01
321 2890 8.968164e-05 2.907257e+02  3.268108962970429600e+01  3.268318360751682400e+01  3.268320914528100500e+01  3.268645802108064700e+01
322 2899 8.167837e-05 2.876193e+02  3.268108962970429600e+01  3.268111185411972000e+01  3.268322044351765500e+01  3.268649069867146300e+01
323 2908 7.696689e-05 2.902251e+02  3.268108962970429600e+01  3.268111120046065600e+01  3.268320279585703500e+01  3.268321885616232700e+01
324 2917 7.907647e-05 2.787015e+02  3.268108962970429600e+01  3.268110116212343300e+01  3.268320858503776100e+01  3.268647067198039500e+01
325 2926 8.824819e-05 2.834724e+02  3.268108962970429600e+01  3.268110732519595300e+01  3.268319434551881400e+01  3.268323734417841600e+01
326 2935 9.933121e-05 2.914114e+02  3.268108962970429600e+01  3.268110984645255700e+01  3.268320821154226500e+01  3.268610337375450600e+01
327 2944 9.938972e-05 2.892978e+02  3.268108962970429600e+01  3.268111031335190800e+01  3.268113202416432700e+01  3.268403512012245900e+01
328 2953 8.637896e-05 2.878068e+02  3.268108962970429600e+01  3.268109275793175100e+01  3.268111927781814100e+01  3.268400164641788300e+01
329 2962 7.540814e-05 2.768731e+02  3.268108962970429600e+01  3.268110639139715800e+01  3.268319831390996200e+01  3.268320975221117000e+01
330 2971 6.464787e-05 2.703858e+02  3.268108962970429600e+01  3.268110074191389500e+01  3.268113034332775900e+01  3.268322128388221200e+01
331 2980 5.690901e-05 2.765709e+02  3.268108962970429600e+01  3.268110111543348500e+01  3.268112772869291400e+01  3.268322389834956700e+01
332 2989 5.260923e-05 2.705394e+02  3.268108962970429600e+01  3.268109205758234700e+01  3.268111769036075700e+01  3.268322357154116300e+01
333 2998 6.271959e-05 2.247455e+02  3.268108962970429600e+01  3.268109752030729700e+01  3.268319854734472300e+01  3.268400934957469400e+01
334 3007 6.540015e-05 2.273837e+02  3.268108962970429600e+01  3.268109780044701300e+01  3.268320209555285100e+01  3.268613465121717400e+01
335 3016 6.004968e-05 2.209772e+02  3.268108962970429600e+01  3.268109798720682600e+01  3.268111078025125200e+01  3.268609291680508700e+01
336 3025 5.164097e-05 2.155153e+02  3.268108962970429600e+01  3.268109887431590700e+01  3.268112394680999700e+01  3.268400654842697200e+01
337 3034 4.890037e-05 2.304124e+02  3.268108962970429600e+01  3.268109541925935000e+01  3.268110592449775000e+01  3.268111185411972000e+01
338 3043 4.797916e-05 2.362321e+02  3.268108962970429600e+01  3.268109705340776800e+01  3.268110088198373800e+01  3.268318752922230900e+01
339 3052 4.217856e-05 2.382640e+02  3.268108962970429600e+01  3.268109397187068100e+01  3.268110536421846000e+01  3.268611009607736400e+01
340 3061 4.016896e-05 2.494352e+02  3.268108650147654300e+01  3.268108650147654300e+01  3.268109822065658700e+01  3.268319499913621200e+01
341 3070 4.083581e-05 2.580861e+02  3.268108650147654300e+01  3.268109322483134300e+01  3.268110522414863100e+01  3.268321185312319700e+01
342 3079 3.732370e-05 2.576597e+02  3.268108650147654300e+01  3.268109850079629600e+01  3.268399394325926000e+01  3.268610832213119000e+01
343 3088 4.393700e-05 2.551766e+02  3.268108650147654300e+01  3.268108976977418900e+01  3.268110004156466200e+01  3.268110653146698000e+01
344 3097 5.004712e-05 2.914149e+02  3.268108332655851500e+01  3.268108332655851500e+01  3.268110471055926800e+01  3.268401177723586000e+01
345 3106 4.829251e-05 2.835585e+02  3.268108327986853800e+01  3.268108327986853800e+01  3.268401994724806100e+01  3.268612484783657400e+01
346 3115 5.024768e-05 3.004731e+02  3.268108327986853800e+01  3.268108836907523300e+01  3.268399767812427100e+01  3.268401588558511200e+01
347 3124 5.150783e-05 3.170910e+02  3.268108108543972200e+01  3.268108108543972200e+01  3.268399823835398600e+01  3.268401765964485200e+01
348 3133 5.462657e-05 3.265451e+02  3.268108108543972200e+01  3.268108239275903800e+01  3.268109513911961300e+01  3.268401677261499600e+01
349 3142 5.085902e-05 3.191964e+02  3.268107552933204800e+01  3.268107552933204800e+01  3.268109182413254400e+01  3.268400556802521400e+01
350 3151 5.874650e-05 2.903614e+02  3.268107552933204800e+01  3.268107580947195600e+01  3.268110041508425900e+01  3.268610566121174800e+01
351 3160 5.916388e-05 2.883785e+02  3.268107202758303500e+01  3.268107202758303500e+01  3.268318813615287900e+01  3.268319957445763900e+01
352 3169 6.397189e-05 2.885104e+02  3.268107202758303500e+01  3.268107641644174800e+01  3.268110330986095100e+01  3.268400047927275400e+01
353 3178 5.611842e-05 2.860331e+02  3.268107202758303500e+01  3.268107445546239400e+01  3.268109121716304300e+01  3.268401229077954200e+01
354 3187 5.195001e-05 2.887083e+02  3.268107202758303500e+01  3.268107576278197300e+01  3.268109303807150900e+01  3.268320013470103900e+01
355 3196 4.644026e-05 2.962924e+02  3.268107202758303500e+01  3.268108888266485900e+01  3.268318804277894400e+01  3.268400318704939200e+01
356 3205 3.870484e-05 2.956793e+02  3.268107202758303500e+01  3.268108234606906100e+01  3.268109663319818000e+01  3.268399109542439600e+01
357 3214 3.573700e-05 2.991810e+02  3.268107202758303500e+01  3.268107777045122500e+01  3.268109070357345300e+01  3.268319831390996200e+01
