%  columns="iteration, evaluation, sigma, axis ratio, bestever, best, median, worst fitness function value, further objective values of best" (startseed=210379, 2014/11/26 10:38:4.79)
1 10 1.873885e+00 8.384677e+02  6.049820812225341342e+02  8.473020866394042514e+02  1.038670133972168060e+03  1.503225102996826081e+03
2 19 1.880057e+00 8.037441e+02  6.049820812225341342e+02  7.245831474304198991e+02  9.607291038513183139e+02  2.073239685058593750e+03
3 28 1.976160e+00 7.472866e+02  3.731874732971191406e+02  3.731874732971191406e+02  1.001535557556152298e+03  2.117850753784179688e+03
4 37 1.953891e+00 7.489950e+02  3.731874732971191406e+02  4.554128982543945199e+02  1.023046572113037087e+03  1.698873803710937409e+03
5 46 1.809327e+00 7.254233e+02  3.629814002990722770e+02  3.629814002990722770e+02  1.044335877990722565e+03  1.775351900482177825e+03
6 55 1.818780e+00 7.267649e+02  3.629814002990722770e+02  7.206051544189452898e+02  9.677589942932129361e+02  1.460136540222167923e+03
7 64 2.011890e+00 7.599821e+02  3.629814002990722770e+02  6.449554763793945540e+02  1.224367782592773438e+03  1.924102029418945222e+03
8 73 2.263019e+00 7.889183e+02  3.629814002990722770e+02  6.756590850830077670e+02  9.939983150482178189e+02  1.821129168701171920e+03
9 82 2.352964e+00 7.644808e+02  3.629814002990722770e+02  7.773229648590088345e+02  1.121130897521972656e+03  1.454506919860839844e+03
10 91 2.100477e+00 7.194298e+02  3.629814002990722770e+02  5.114120986938476676e+02  9.292412483215332486e+02  1.542343341064453170e+03
11 100 1.941140e+00 7.208123e+02  3.629814002990722770e+02  6.704398532867431868e+02  1.060781064605712800e+03  1.255341973876953034e+03
12 109 2.133869e+00 7.881645e+02  3.629814002990722770e+02  7.065120452880859148e+02  1.413754029846191315e+03  1.791730690002441406e+03
13 118 2.088179e+00 8.115387e+02  3.629814002990722770e+02  6.432452827453613509e+02  1.446361773681640670e+03  1.830408134460449219e+03
14 127 1.919342e+00 8.106206e+02  3.629814002990722770e+02  6.663302230834960938e+02  9.038285614013672102e+02  1.869490655517578034e+03
15 136 1.881113e+00 8.380169e+02  3.629814002990722770e+02  6.456229270935058366e+02  1.032916660308837891e+03  1.302454045104980423e+03
16 145 2.148116e+00 8.185236e+02  3.629814002990722770e+02  5.914845787048340071e+02  8.307701236724853970e+02  1.622320732116699219e+03
17 154 2.359746e+00 7.387215e+02  3.629814002990722770e+02  6.979828296661377180e+02  1.069912905883789108e+03  1.820101835632324310e+03
18 163 2.219956e+00 7.227424e+02  3.629814002990722770e+02  7.909471961975098111e+02  1.028542385101318359e+03  1.588506617736816452e+03
19 172 2.264912e+00 7.331321e+02  3.629814002990722770e+02  6.026607727050781023e+02  1.025856282806396393e+03  1.707533679199218795e+03
20 181 2.215629e+00 6.893363e+02  3.629814002990722770e+02  7.939858406066894077e+02  1.031598606872558548e+03  1.610274813842773483e+03
21 190 2.358585e+00 6.878338e+02  3.629814002990722770e+02  3.986220630645751726e+02  1.061822790527343841e+03  1.688116360473632767e+03
22 199 2.070606e+00 6.508677e+02  3.629814002990722770e+02  6.334226348876952670e+02  1.151492070007324173e+03  2.093112304687500000e+03
23 208 2.017558e+00 6.794575e+02  3.629814002990722770e+02  7.940092170715331577e+02  1.012292726135253929e+03  1.569132415008544967e+03
24 217 1.823782e+00 6.915020e+02  3.629814002990722770e+02  6.543517387390136264e+02  9.103567905426025391e+02  1.775197251892089753e+03
25 226 1.854695e+00 6.962677e+02  3.629814002990722770e+02  6.905626754760742188e+02  1.103486238098144440e+03  1.826795507812500091e+03
26 235 2.258128e+00 7.338168e+02  3.629814002990722770e+02  8.023034294128417514e+02  9.953329490661620866e+02  1.733357064819335847e+03
27 244 2.562068e+00 7.119768e+02  3.629814002990722770e+02  6.759442237854003679e+02  9.149361362457275391e+02  1.046842582702636719e+03
28 253 2.331046e+00 7.026982e+02  3.629814002990722770e+02  8.195850677490234375e+02  1.074841737365722565e+03  1.298343604278564499e+03
29 262 2.417994e+00 6.783459e+02  3.629814002990722770e+02  6.559703330993652344e+02  8.410220024108887173e+02  1.693118896484375000e+03
30 271 2.221130e+00 6.854862e+02  3.629814002990722770e+02  6.435266914367675781e+02  7.407919059753418196e+02  1.022822010803222611e+03
31 280 2.238519e+00 7.576294e+02  3.629814002990722770e+02  5.705698955535888217e+02  9.999424362182617188e+02  2.114564205932617369e+03
32 289 2.213630e+00 7.615410e+02  3.629814002990722770e+02  6.315102737426757358e+02  8.529036865234375000e+02  1.630478634643554642e+03
33 298 1.931518e+00 7.580356e+02  3.629814002990722770e+02  5.598949699401855469e+02  7.996572769165038608e+02  1.942574401855468750e+03
34 307 1.708683e+00 7.549585e+02  3.572148963928222543e+02  3.572148963928222543e+02  9.843876907348633267e+02  1.100076565551757767e+03
35 316 1.516638e+00 7.519033e+02  3.572148963928222543e+02  3.905343612670898210e+02  7.947861587524414517e+02  1.051172999954223542e+03
36 325 1.577077e+00 7.298521e+02  3.572148963928222543e+02  4.743955379486084212e+02  7.248315155029297330e+02  1.047382406616211028e+03
37 334 1.601043e+00 7.025842e+02  3.572148963928222543e+02  3.661766000747680891e+02  7.576281925201416243e+02  1.009316683197021462e+03
38 343 1.688825e+00 7.003211e+02  3.572148963928222543e+02  5.320972640991210483e+02  6.743010894775391080e+02  1.185154713439941361e+03
39 352 1.625886e+00 7.087261e+02  3.572148963928222543e+02  5.123885601043700717e+02  8.156053207397460483e+02  1.277083585357665925e+03
40 361 1.663383e+00 7.020507e+02  3.572148963928222543e+02  5.479182922363281705e+02  7.789995437622070540e+02  1.276849571228027344e+03
41 370 1.515876e+00 7.012689e+02  3.572148963928222543e+02  6.338340423583983920e+02  7.761638725280761264e+02  1.285501939010620163e+03
42 379 1.464550e+00 6.853886e+02  3.572148963928222543e+02  5.751337009429931868e+02  9.280039505004882585e+02  1.114395079803466842e+03
43 388 1.558352e+00 6.928821e+02  3.572148963928222543e+02  4.623839824676513786e+02  7.041602027893065952e+02  1.038724550628662200e+03
44 397 1.530471e+00 6.500241e+02  3.572148963928222543e+02  4.533403987884521484e+02  7.715656517028808139e+02  9.659779663085937500e+02
45 406 1.424761e+00 6.534789e+02  3.572148963928222543e+02  3.578267040252685547e+02  8.493891365051269986e+02  9.845701309204101790e+02
46 415 1.419959e+00 6.428681e+02  3.572148963928222543e+02  3.758996074676513786e+02  6.619546550750732195e+02  8.622088821411132358e+02
47 424 1.322893e+00 6.231508e+02  3.461961627960205305e+02  3.461961627960205305e+02  5.013638103485107536e+02  6.790254989624023665e+02
48 433 1.289104e+00 5.845812e+02  3.461961627960205305e+02  3.638852672576904297e+02  5.999802612304687273e+02  8.999536117553710710e+02
49 442 1.539867e+00 5.397856e+02  3.461961627960205305e+02  3.727696491241455305e+02  5.323550628662109148e+02  7.222262901306152116e+02
50 451 1.552102e+00 5.317915e+02  3.461961627960205305e+02  4.356442195892333871e+02  7.059531097412109375e+02  1.005654352569580055e+03
51 460 1.465116e+00 5.231604e+02  3.461961627960205305e+02  4.685603111267089957e+02  7.175303131103515852e+02  8.305735683441162109e+02
52 469 1.423226e+00 5.273437e+02  3.461961627960205305e+02  4.165455551147460938e+02  6.968325687408447493e+02  7.743070724487304233e+02
53 478 1.349023e+00 5.177128e+02  3.454846706390380859e+02  3.454846706390380859e+02  5.118491649627685547e+02  6.520067466735839616e+02
54 487 1.245523e+00 4.963025e+02  3.454846706390380859e+02  3.776218454360961800e+02  6.010574207305908203e+02  9.236852775573730696e+02
55 496 1.194722e+00 4.693928e+02  3.303192802429199446e+02  3.303192802429199446e+02  5.505565711975098111e+02  7.967688537597656477e+02
56 505 1.052434e+00 4.536693e+02  3.182398513793945085e+02  3.182398513793945085e+02  4.518666507720947152e+02  6.605947937011718523e+02
57 514 9.390514e-01 4.437452e+02  3.182398513793945085e+02  3.219560892105102425e+02  4.216575765609741211e+02  6.120120254516601790e+02
58 523 8.612398e-01 4.421524e+02  3.182398513793945085e+02  3.288060802459716570e+02  4.791154193878173828e+02  6.845929233551025845e+02
59 532 7.907364e-01 4.175763e+02  3.182398513793945085e+02  3.198551069259643782e+02  4.307280317306518782e+02  5.996587226867675327e+02
60 541 7.517916e-01 4.002708e+02  3.182398513793945085e+02  3.182759532928466797e+02  4.060289360046386946e+02  5.337058975219727017e+02
61 550 6.767046e-01 3.944821e+02  3.182398513793945085e+02  3.243546142578125000e+02  4.052609313964843523e+02  5.245388156890869595e+02
62 559 7.175477e-01 3.812107e+02  3.182398513793945085e+02  3.192749641418457145e+02  3.604622533798217887e+02  4.830824163436889762e+02
63 568 7.909619e-01 3.707841e+02  3.182398513793945085e+02  3.391838230133056413e+02  4.039993049621581918e+02  5.496495372772217252e+02
64 577 8.521432e-01 3.428349e+02  3.182398513793945085e+02  3.285429285049438590e+02  3.453965446472167855e+02  5.263464649200438998e+02
65 586 7.528407e-01 3.403292e+02  3.127870006561279297e+02  3.127870006561279297e+02  3.483105878829956055e+02  5.413543079376220248e+02
66 595 6.521806e-01 3.415910e+02  3.127870006561279297e+02  3.314006355285644645e+02  3.738943115234375227e+02  5.089042160034179574e+02
67 604 6.249684e-01 3.394295e+02  3.127870006561279297e+02  3.170204027175903434e+02  3.414886600494384652e+02  4.200288280487060320e+02
68 613 5.164189e-01 3.400846e+02  3.127870006561279297e+02  3.166709266662597884e+02  3.688460041046142805e+02  4.996051353454589616e+02
69 622 4.726100e-01 3.367812e+02  3.023724582672119254e+02  3.023724582672119254e+02  3.463922508239746207e+02  4.615900480270385629e+02
70 631 4.504623e-01 3.206457e+02  3.023724582672119254e+02  3.186769468307495004e+02  3.377033130645751839e+02  3.915284893035888558e+02
71 640 4.248790e-01 3.106273e+02  2.992113199234008789e+02  2.992113199234008789e+02  3.180999719619750863e+02  3.776949113845824968e+02
72 649 3.575012e-01 3.087302e+02  2.992113199234008789e+02  3.013599630355835188e+02  3.187212186813354720e+02  3.450338722229004134e+02
73 658 3.071509e-01 2.932880e+02  2.992113199234008789e+02  3.021296442031860465e+02  3.187575826644897461e+02  3.435990880966186296e+02
74 667 3.091737e-01 2.557850e+02  2.980396024703979379e+02  2.980396024703979379e+02  3.124961250305175895e+02  3.443021219253540153e+02
75 676 3.344467e-01 2.286028e+02  2.938749147415161360e+02  2.938749147415161360e+02  3.185700895309448129e+02  3.306420169830322493e+02
76 685 3.405467e-01 2.157761e+02  2.938749147415161360e+02  3.037912630081176530e+02  3.184659860610962028e+02  3.582854761123656999e+02
77 694 3.510768e-01 2.031442e+02  2.938749147415161360e+02  2.961814147949218636e+02  3.164780239105224382e+02  3.457021545410156023e+02
78 703 3.423341e-01 2.013750e+02  2.938749147415161360e+02  3.025504856109619141e+02  3.254835706710815657e+02  3.596239458084106673e+02
79 712 3.189616e-01 1.969200e+02  2.938749147415161360e+02  2.975786172866821175e+02  3.180527727127075082e+02  3.575323390960693359e+02
80 721 2.948031e-01 1.962176e+02  2.938749147415161360e+02  3.020864162445068359e+02  3.222558160781860579e+02  3.385557357788085824e+02
81 730 2.583804e-01 1.935886e+02  2.938485540390014421e+02  2.938485540390014421e+02  3.125380182266235352e+02  3.265374011993408203e+02
82 739 2.400392e-01 1.880765e+02  2.938485540390014421e+02  3.131608360290527457e+02  3.197349872589111328e+02  3.305438770294189226e+02
83 748 2.009248e-01 1.865822e+02  2.938485540390014421e+02  2.987847072601318246e+02  3.109087892532348860e+02  3.509386608123779183e+02
84 757 1.895643e-01 1.836981e+02  2.938485540390014421e+02  2.971137065887451172e+02  3.055521585464477425e+02  3.199408967971801871e+02
85 766 1.826224e-01 1.903944e+02  2.922001003265380632e+02  2.922001003265380632e+02  3.009887815475464095e+02  3.146090108871459847e+02
86 775 1.837800e-01 1.941070e+02  2.922001003265380632e+02  2.938671466827392464e+02  3.023086839675903548e+02  3.248310304641723860e+02
87 784 1.609275e-01 1.917878e+02  2.922001003265380632e+02  2.942985765457153207e+02  3.009624120712280160e+02  3.189639667510986101e+02
88 793 1.625780e-01 2.074816e+02  2.922001003265380632e+02  2.963204259872436523e+02  3.013062345504760629e+02  3.150032943725585710e+02
89 802 1.466348e-01 2.089228e+02  2.922001003265380632e+02  2.939768426895141715e+02  3.028633108139038086e+02  3.078265714645385742e+02
90 811 1.412130e-01 2.072901e+02  2.922001003265380632e+02  2.964415435791015625e+02  3.031762512207031364e+02  3.121625017166137468e+02
91 820 1.245049e-01 2.074590e+02  2.922001003265380632e+02  3.004305530548095930e+02  3.011722921371459734e+02  3.238646934509277457e+02
92 829 1.282166e-01 2.121574e+02  2.922001003265380632e+02  2.973602106094360238e+02  3.025868349075317383e+02  3.154914148330688590e+02
93 838 1.270645e-01 2.109272e+02  2.922001003265380632e+02  2.937275318145751726e+02  2.998047746658324968e+02  3.021980588912963981e+02
94 847 1.428234e-01 2.122208e+02  2.922001003265380632e+02  2.961039274215698356e+02  2.994354524612426758e+02  3.033190523147583235e+02
95 856 1.822005e-01 2.092131e+02  2.910801136016845589e+02  2.910801136016845589e+02  2.987180326461792106e+02  3.126375951766967773e+02
96 865 2.099062e-01 2.106051e+02  2.896395395278930778e+02  2.896395395278930778e+02  2.976839479446410905e+02  3.145360210418701286e+02
97 874 2.203097e-01 2.073621e+02  2.896395395278930778e+02  2.917506263732910270e+02  2.957004386901855355e+02  3.209781782150268441e+02
98 883 1.956011e-01 2.013941e+02  2.896395395278930778e+02  2.974384855270385515e+02  3.026161832809448242e+02  3.289147886276244890e+02
99 892 1.790540e-01 2.048170e+02  2.896395395278930778e+02  2.917153001785278548e+02  3.019631170272826921e+02  3.152846147537231332e+02
100 901 1.958191e-01 1.793632e+02  2.896395395278930778e+02  2.954684932708740348e+02  2.994785255432128679e+02  3.097297143936157227e+02
101 910 2.109200e-01 1.834196e+02  2.896395395278930778e+02  2.954489160537719954e+02  3.016537645339965934e+02  3.061156406402587891e+02
102 919 2.319421e-01 1.792029e+02  2.896395395278930778e+02  2.918388109207153320e+02  3.018664197921752930e+02  3.206897958755492937e+02
103 928 2.178525e-01 1.758642e+02  2.896395395278930778e+02  2.955915119171142464e+02  3.057986125946044922e+02  3.331119796752929574e+02
104 937 2.080497e-01 1.766645e+02  2.896395395278930778e+02  2.917466260910034066e+02  2.996626853942871094e+02  3.163307783126830941e+02
105 946 1.996477e-01 1.694833e+02  2.879613395690918196e+02  2.879613395690918196e+02  2.933262014389038086e+02  3.129399976730346680e+02
106 955 1.702034e-01 1.697748e+02  2.879613395690918196e+02  2.904650152206421012e+02  3.019703285217285043e+02  3.122769681930541879e+02
107 964 1.542599e-01 1.703947e+02  2.879613395690918196e+02  2.923117876052856445e+02  2.956843711853027230e+02  3.136065977096557731e+02
108 973 1.451555e-01 1.703885e+02  2.851171257019042855e+02  2.851171257019042855e+02  2.922009960174560774e+02  3.028870885848999137e+02
109 982 1.548451e-01 1.666500e+02  2.851171257019042855e+02  2.877783359527587663e+02  2.941301652908325082e+02  3.131860250473022234e+02
110 991 1.760716e-01 1.734251e+02  2.851171257019042855e+02  2.902870035171508789e+02  2.980473514556884993e+02  3.107263498306274414e+02
111 1000 1.854055e-01 1.781673e+02  2.851171257019042855e+02  2.860356002807617415e+02  3.051152132034301871e+02  3.107059307098388672e+02
112 1009 1.767778e-01 1.743012e+02  2.851171257019042855e+02  2.896984609603881609e+02  2.993740331649780160e+02  3.205340114593506087e+02
113 1018 1.720356e-01 1.746582e+02  2.825486455917358626e+02  2.825486455917358626e+02  2.925753210067749137e+02  3.146876035690307845e+02
114 1027 1.852242e-01 1.746193e+02  2.825486455917358626e+02  2.866520847320556413e+02  2.941821592330932731e+02  3.033921567916870004e+02
115 1036 1.724846e-01 1.715289e+02  2.825486455917358626e+02  2.884696262359619254e+02  2.916582283020019304e+02  3.004727273941040266e+02
116 1045 1.612597e-01 1.721204e+02  2.825486455917358626e+02  2.901323814392089844e+02  2.940783590316772234e+02  3.004408645629882812e+02
117 1054 1.611316e-01 1.727485e+02  2.815515769958495866e+02  2.815515769958495866e+02  2.882210845947265625e+02  2.950292947769165153e+02
118 1063 1.430627e-01 1.725173e+02  2.815515769958495866e+02  2.866207916259765511e+02  2.921819364547729379e+02  3.030737361907958984e+02
119 1072 1.347011e-01 1.607673e+02  2.815515769958495866e+02  2.830074346542358512e+02  2.901509489059448015e+02  2.969610401153564680e+02
120 1081 1.292260e-01 1.604545e+02  2.815515769958495866e+02  2.858661493301391374e+02  2.871453178405761832e+02  3.006781879425049055e+02
121 1090 1.347326e-01 1.595614e+02  2.815515769958495866e+02  2.819780906677245866e+02  2.927237077713012923e+02  3.011626052856445312e+02
122 1099 1.178021e-01 1.595679e+02  2.815515769958495866e+02  2.838595687866210824e+02  2.863593729019165153e+02  2.952902193069458008e+02
123 1108 1.121879e-01 1.520928e+02  2.815515769958495866e+02  2.826022500991821289e+02  2.848757478713989144e+02  2.880385677337646371e+02
124 1117 1.058731e-01 1.502545e+02  2.815515769958495866e+02  2.840404592514038313e+02  2.895493583679199219e+02  2.964816179275512695e+02
125 1126 9.583429e-02 1.467270e+02  2.815515769958495866e+02  2.832053586959838754e+02  2.858825853347778434e+02  2.950115682601928597e+02
126 1135 9.958152e-02 1.479414e+02  2.809112861633300895e+02  2.809112861633300895e+02  2.844196092605590707e+02  2.895345422744750863e+02
127 1144 8.791087e-02 1.490393e+02  2.809112861633300895e+02  2.810091463088989485e+02  2.889629745483398438e+02  2.958144960403442383e+02
128 1153 8.643869e-02 1.455039e+02  2.801444849014281999e+02  2.801444849014281999e+02  2.847224887847900163e+02  2.852956485748291016e+02
129 1162 8.775200e-02 1.486929e+02  2.801444849014281999e+02  2.822895660400390625e+02  2.837976425170898551e+02  2.950031427383422624e+02
130 1171 8.049680e-02 1.470308e+02  2.801444849014281999e+02  2.819476984024047965e+02  2.848853776931762809e+02  2.992724529266357649e+02
131 1180 7.355090e-02 1.452504e+02  2.801444849014281999e+02  2.815102312088012582e+02  2.842469043731689453e+02  2.872372123718261605e+02
132 1189 6.637060e-02 1.448295e+02  2.801444849014281999e+02  2.819072715759277230e+02  2.842995664596557504e+02  2.869639242172241325e+02
133 1198 5.853458e-02 1.444203e+02  2.801444849014281999e+02  2.812276510238647234e+02  2.829728395462036019e+02  2.859261360168457031e+02
134 1207 5.733332e-02 1.341500e+02  2.800867731094360238e+02  2.800867731094360238e+02  2.820846292495727425e+02  2.842707252502441406e+02
135 1216 5.812608e-02 1.323114e+02  2.797895753860473746e+02  2.797895753860473746e+02  2.821104927062988281e+02  2.856518367767333757e+02
136 1225 6.469767e-02 1.326435e+02  2.797895753860473746e+02  2.798761079788208121e+02  2.814553495407104720e+02  2.827016624450683366e+02
137 1234 6.600272e-02 1.310143e+02  2.797895753860473746e+02  2.805444543838501090e+02  2.812619916915893441e+02  2.860249505996704329e+02
138 1243 7.858565e-02 1.317723e+02  2.796627475738525277e+02  2.796627475738525277e+02  2.810010223388671875e+02  2.831874919891357649e+02
139 1252 8.312595e-02 1.266856e+02  2.796627475738525277e+02  2.796722717285156250e+02  2.820695213317870866e+02  2.893615627288818359e+02
140 1261 7.639032e-02 1.263410e+02  2.788467458724975359e+02  2.788467458724975359e+02  2.819378612518310661e+02  2.868674592971801758e+02
141 1270 6.601042e-02 1.267081e+02  2.788467458724975359e+02  2.794911117553710938e+02  2.815641639709472770e+02  2.849659437179565202e+02
142 1279 6.530439e-02 1.263258e+02  2.785894100189208871e+02  2.785894100189208871e+02  2.804346181869506722e+02  2.840752424240112077e+02
143 1288 5.749168e-02 1.261744e+02  2.785894100189208871e+02  2.795064861297607308e+02  2.808730104446411246e+02  2.841174804687499886e+02
144 1297 5.144685e-02 1.200803e+02  2.785894100189208871e+02  2.786298654556274528e+02  2.802848680496215934e+02  2.818352937698364258e+02
145 1306 4.758491e-02 1.189317e+02  2.785894100189208871e+02  2.789437349319458121e+02  2.806167766571044808e+02  2.840521295547485465e+02
146 1315 4.248166e-02 1.161194e+02  2.785583644866943587e+02  2.785583644866943587e+02  2.803634815216064453e+02  2.818618713378906477e+02
147 1324 4.332702e-02 1.168086e+02  2.785583644866943587e+02  2.788402963638305891e+02  2.802510620117187727e+02  2.828089281082153548e+02
148 1333 4.144780e-02 1.205602e+02  2.785583644866943587e+02  2.788574251174926530e+02  2.801075670242309457e+02  2.855366947174072152e+02
149 1342 3.526768e-02 1.175396e+02  2.785583644866943587e+02  2.788440582275390511e+02  2.797936738967895280e+02  2.820170711517333757e+02
150 1351 3.495385e-02 1.243435e+02  2.783468832015990984e+02  2.783468832015990984e+02  2.795746244430541765e+02  2.806868236541748161e+02
151 1360 3.582738e-02 1.290423e+02  2.779583496093749773e+02  2.779583496093749773e+02  2.792880855560302962e+02  2.797350345611572493e+02
152 1369 3.839657e-02 1.266048e+02  2.777859643936156999e+02  2.777859643936156999e+02  2.790464921951294173e+02  2.807698928833007699e+02
153 1378 3.940868e-02 1.303060e+02  2.777859643936156999e+02  2.784630439758300895e+02  2.789751609802245866e+02  2.800128286361694450e+02
154 1387 3.830715e-02 1.338239e+02  2.777859643936156999e+02  2.781380693435668832e+02  2.786385700225829964e+02  2.803775888442993391e+02
155 1396 3.930068e-02 1.370512e+02  2.777859643936156999e+02  2.778984804153442383e+02  2.791063537597656250e+02  2.798754179000854379e+02
156 1405 4.058723e-02 1.418103e+02  2.777859643936156999e+02  2.781932777404784929e+02  2.789913791656493913e+02  2.795795951843261946e+02
157 1414 3.886578e-02 1.340077e+02  2.777591007232666129e+02  2.777591007232666129e+02  2.788532327651977312e+02  2.801540874481200945e+02
158 1423 3.650076e-02 1.339838e+02  2.777591007232666129e+02  2.778336893081665266e+02  2.788409458160400618e+02  2.793688198089599837e+02
159 1432 4.291273e-02 1.307892e+02  2.772868692398071175e+02  2.772868692398071175e+02  2.779119495391845476e+02  2.788730674743652571e+02
160 1441 4.649606e-02 1.300531e+02  2.772503730773925668e+02  2.772503730773925668e+02  2.778302324295044059e+02  2.783792453765869368e+02
161 1450 4.902881e-02 1.298532e+02  2.772503730773925668e+02  2.774221746444702035e+02  2.787598257064819336e+02  2.802997764587402116e+02
162 1459 5.584707e-02 1.304904e+02  2.764636276245117301e+02  2.764636276245117301e+02  2.778443302154540788e+02  2.799028869628906477e+02
163 1468 5.150211e-02 1.339549e+02  2.764636276245117301e+02  2.771893613815307731e+02  2.777441278457641829e+02  2.792002300262450945e+02
164 1477 5.006249e-02 1.336064e+02  2.761077106475830192e+02  2.761077106475830192e+02  2.774097972869873274e+02  2.796720035552978629e+02
165 1486 4.543725e-02 1.324507e+02  2.761077106475830192e+02  2.764486101150512809e+02  2.779090091705322152e+02  2.792710308074950945e+02
166 1495 4.848168e-02 1.126744e+02  2.761077106475830192e+02  2.767032361984253157e+02  2.782461513519286882e+02  2.789994686126709098e+02
167 1504 4.977636e-02 1.080775e+02  2.761077106475830192e+02  2.766717170715331804e+02  2.777303750991821403e+02  2.787453735351562614e+02
168 1513 4.637738e-02 1.095241e+02  2.761077106475830192e+02  2.769537794113159066e+02  2.782086288452148324e+02  2.786766754150390852e+02
169 1522 4.766711e-02 1.116896e+02  2.761077106475830192e+02  2.767444559097290266e+02  2.779251245498656999e+02  2.783927875518799055e+02
170 1531 4.685815e-02 1.123647e+02  2.761077106475830192e+02  2.763154422760009652e+02  2.776866491317749137e+02  2.793483610153198242e+02
171 1540 4.642302e-02 1.122748e+02  2.761077106475830192e+02  2.764000898361206282e+02  2.773120870590209961e+02  2.790119441986083757e+02
172 1549 4.065572e-02 1.116486e+02  2.761077106475830192e+02  2.765394227981567496e+02  2.778249221801758040e+02  2.791830621719360579e+02
173 1558 3.554674e-02 1.093949e+02  2.761077106475830192e+02  2.767582141876220589e+02  2.776688819885254134e+02  2.786497568130492937e+02
174 1567 3.261005e-02 1.086003e+02  2.761077106475830192e+02  2.764630945205688590e+02  2.769012908935546875e+02  2.776899505615234602e+02
175 1576 3.262346e-02 1.083239e+02  2.761077106475830192e+02  2.764197135925293196e+02  2.775942668914794922e+02  2.778700382232665902e+02
176 1585 3.351640e-02 1.096085e+02  2.761077106475830192e+02  2.769838119506836165e+02  2.774483545303344840e+02  2.785695301055908430e+02
177 1594 3.133197e-02 1.159213e+02  2.761077106475830192e+02  2.765453083038329964e+02  2.770890224456787223e+02  2.793006799697876090e+02
178 1603 3.220713e-02 1.117049e+02  2.761077106475830192e+02  2.762908927917480355e+02  2.770927452087402116e+02  2.777331115722656136e+02
179 1612 3.546441e-02 1.102418e+02  2.760284524917602766e+02  2.760284524917602766e+02  2.764756063461303484e+02  2.776403459548949968e+02
180 1621 3.932597e-02 1.180633e+02  2.758807336807250863e+02  2.758807336807250863e+02  2.765662105560302848e+02  2.774504158020019418e+02
181 1630 4.650514e-02 1.201225e+02  2.757197525024413949e+02  2.757197525024413949e+02  2.763647375106811523e+02  2.787188636779785043e+02
182 1639 4.472665e-02 1.203853e+02  2.757197525024413949e+02  2.758792413711547624e+02  2.765530200958252180e+02  2.785441089630127180e+02
183 1648 4.406377e-02 1.182658e+02  2.757197525024413949e+02  2.760474679946899528e+02  2.771913452148437500e+02  2.776981966018676644e+02
184 1657 4.486206e-02 1.090857e+02  2.757197525024413949e+02  2.759001571655273324e+02  2.767578594207763558e+02  2.781018022537231218e+02
185 1666 4.662372e-02 1.111571e+02  2.757197525024413949e+02  2.758921936035156364e+02  2.772506254196167106e+02  2.787784778594970589e+02
186 1675 4.095252e-02 1.152975e+02  2.757197525024413949e+02  2.757844755172729379e+02  2.765265024185180778e+02  2.785572107315063590e+02
187 1684 3.775361e-02 1.109094e+02  2.757197525024413949e+02  2.761315528869628793e+02  2.771488574981689226e+02  2.785122167587280160e+02
188 1693 3.649516e-02 1.153082e+02  2.757197525024413949e+02  2.759252504348754655e+02  2.763502460479736555e+02  2.773486106872558707e+02
189 1702 3.619790e-02 1.161854e+02  2.757197525024413949e+02  2.758249298095703352e+02  2.760720834732055664e+02  2.777430562973022461e+02
190 1711 3.551745e-02 1.192689e+02  2.756361463546753043e+02  2.756361463546753043e+02  2.764317316055297624e+02  2.778072994232177848e+02
191 1720 3.177672e-02 1.182540e+02  2.756361463546753043e+02  2.758318885803222429e+02  2.762861761093139421e+02  2.783017665863036996e+02
192 1729 3.384459e-02 1.204096e+02  2.756361463546753043e+02  2.756868188858032340e+02  2.760491954803466683e+02  2.781233720779418945e+02
193 1738 3.630705e-02 1.235868e+02  2.756361463546753043e+02  2.757498243331909293e+02  2.759068290710449105e+02  2.772224281311035270e+02
194 1747 3.906931e-02 1.228540e+02  2.756280809402466048e+02  2.756280809402466048e+02  2.772141784667968523e+02  2.775293411254882585e+02
195 1756 4.390446e-02 1.224238e+02  2.754917186737060320e+02  2.754917186737060320e+02  2.761432641983031999e+02  2.771590879440307731e+02
196 1765 4.866800e-02 1.263057e+02  2.753982187271118391e+02  2.753982187271118391e+02  2.759078989028930664e+02  2.771818935394286996e+02
197 1774 5.315762e-02 1.321412e+02  2.753982187271118391e+02  2.755623764038085710e+02  2.762309638977050668e+02  2.769488725662231445e+02
198 1783 5.548921e-02 1.425686e+02  2.753982187271118391e+02  2.754437824249267805e+02  2.762493526458740121e+02  2.776035818099975359e+02
199 1792 5.159756e-02 1.487192e+02  2.753982187271118391e+02  2.754705852508544695e+02  2.764377807617187273e+02  2.772760978698730696e+02
200 1801 5.377484e-02 1.661421e+02  2.753982187271118391e+02  2.755825681686401367e+02  2.759852739334106673e+02  2.770108665466308366e+02
201 1810 5.236986e-02 1.754059e+02  2.746249893188476676e+02  2.746249893188476676e+02  2.757112634658813590e+02  2.766443639755249251e+02
202 1819 5.601611e-02 1.845471e+02  2.746249893188476676e+02  2.750305463790893441e+02  2.757219789505004996e+02  2.766346982955932390e+02
